2 3 7 15 69 87 32 45 79 2 14 32 AAAAA
21 3 7 15 6 87 32 45 7 2 1 32 AAAAA
2 31 7 15 6 87 3 4 79 2 14 32 AAAAA
2 3 78 15 69 87 32 4 7 2 14 3 AAAAA
2 3 7 1 66 87 32 45 7 2 1 3 AAAAA
1 4 6 32 7 8 9 54 21 4 6 78 BBBBB
1 45 6 3 7 8 9 54 21 4 6 78 BBBBB
1 45 62 32 7 8 9 57 21 4 6 78 BBBBB
1 45 6 32 7 8 9 54 2 43 6 78 BBBBB
1 45 6 37 78 8 9 5 2 4 6 78 BBBBB
2 7 9 5 4 7 6 3 2 4 1 2 CCCCC
22 73 9 5 48 7 6 3 23 4 1 2 CCCCC
2 7 9 5 4 7 65 3 2 4 13 2 CCCCC
22 7 92 5 4 7 6 3 2 4 17 2 CCCCC
2 74 9 5 4 7 6 3 2 43 1 2 CCCCC

