1
146
6.61211 5.24271 5.36587 5.483 5.27911 5.48304 5.53814 5.60347 6.39339 6.10713 6.18359 6.20078 9.96525 1A00.pdb
5.19751 5.49505 5.36804 5.16295 6.30415 5.36818 5.52375 6.6017 6.33033 8.8138 8.52756 5.57467 11.0671 1A00.pdb
5.49505 5.36804 5.16295 6.30415 5.36818 5.52375 5.70721 6.33033 8.8138 8.52756 5.57467 9.15193 11.8131 1A00.pdb
5.16295 6.30415 5.36818 5.52375 5.70721 5.53416 5.4861 8.52756 5.57467 9.15193 8.62915 6.38369 11.8268 1A00.pdb
6.30415 5.36818 5.52375 5.70721 5.53416 5.4861 5.25757 5.57467 9.15193 8.62915 6.38369 6.0842 10.4194 1A00.pdb
5.41013 5.51327 5.28949 5.66943 5.42111 5.7042 5.77082 6.13969 6.17146 6.21115 5.87101 5.51541 11.5997 1A00.pdb
5.51327 5.28949 5.66943 5.42111 5.7042 5.77082 6.17471 6.17146 6.21115 5.87101 5.51541 5.16628 11.0473 1A00.pdb
5.66943 5.42111 5.7042 5.77082 6.17471 5.55183 5.3126 5.87101 5.51541 5.16628 9.39922 9.20533 10.8822 1A00.pdb
5.42111 5.7042 5.77082 6.17471 5.55183 5.3126 5.28635 5.51541 5.16628 9.39922 9.20533 7.99421 8.65783 1A00.pdb
5.7042 5.77082 6.17471 5.55183 5.3126 5.28635 5.22284 5.16628 9.39922 9.20533 7.99421 7.75871 9.54337 1A00.pdb
5.20281 5.64559 6.04615 5.23065 5.5053 6.95528 5.55276 6.73543 9.50506 9.0868 8.39872 8.56702 8.09031 1A00.pdb
5.55276 5.6043 6.66999 6.22996 5.48617 6.03199 5.25595 11.5537 9.21782 6.19247 9.09792 10.1682 6.43723 1A00.pdb
5.6043 6.66999 6.22996 5.48617 6.03199 5.25595 5.35567 9.21782 6.19247 9.09792 10.1682 6.98501 7.5412 1A00.pdb
6.66999 6.22996 5.48617 6.03199 5.25595 5.35567 5.45953 6.19247 9.09792 10.1682 6.98501 6.3195 10.084 1A00.pdb
6.03199 5.25595 5.35567 5.45953 5.31662 5.53587 5.40042 6.98501 6.3195 5.78724 5.92021 5.83525 10.9633 1A00.pdb
5.43456 5.2912 5.3192 5.58139 5.4676 5.4222 5.77083 6.04061 6.24272 6.32361 6.40761 5.62354 11.6627 1A00.pdb
5.58139 5.4676 5.4222 5.77083 5.30232 5.51107 6.17661 6.40761 5.62354 8.57809 9.10619 5.81137 8.69684 1A00.pdb
5.4676 5.4222 5.77083 5.30232 5.51107 6.17661 5.5346 5.62354 8.57809 9.10619 5.81137 9.20993 9.25001 1A00.pdb
5.77083 5.30232 5.51107 6.17661 5.5346 5.49156 5.61436 9.10619 5.81137 9.20993 9.56379 6.08026 9.09881 1A00.pdb
5.30232 5.51107 6.17661 5.5346 5.49156 5.61436 5.43546 5.81137 9.20993 9.56379 6.08026 5.54617 9.06153 1A00.pdb
5.49156 5.61436 5.43546 5.80942 5.84498 5.31876 5.48848 5.54617 5.7407 8.38444 8.79228 6.16397 10.1498 1A00.pdb
5.61436 5.43546 5.80942 5.84498 5.31876 5.48848 5.2655 5.7407 8.38444 8.79228 6.16397 6.188 10.7354 1A00.pdb
5.31876 5.48848 5.2655 5.49064 5.52567 5.57025 5.72948 6.188 6.18045 6.2108 5.98072 5.79723 11.9607 1A00.pdb
5.48848 5.2655 5.49064 5.52567 5.57025 5.72948 6.06119 6.18045 6.2108 5.98072 5.79723 5.12428 11.1336 1A00.pdb
5.2655 5.49064 5.52567 5.57025 5.72948 6.06119 6.42335 6.2108 5.98072 5.79723 5.12428 4.76953 10.052 1A00.pdb
5.49064 5.52567 5.57025 5.72948 6.06119 6.42335 5.61071 5.98072 5.79723 5.12428 4.76953 5.30846 10.0567 1A00.pdb
5.72948 6.06119 6.42335 5.61071 5.66318 6.36242 6.15844 4.76953 5.30846 9.79268 11.9369 11.2723 10.0218 1A00.pdb
6.15844 5.64036 5.38197 5.56737 5.27155 5.36212 5.59199 7.01437 8.02521 7.55791 6.96185 6.4526 11.7799 1A00.pdb
5.29937 5.39742 5.53763 5.46628 5.49051 5.5178 6.06325 6.14767 5.96445 6.19913 6.29588 5.72232 11.8696 1A00.pdb
5.39742 5.53763 5.46628 5.49051 5.5178 6.06325 6.20599 5.96445 6.19913 6.29588 5.72232 6.00738 11.7026 1A00.pdb
5.49051 5.5178 6.06325 6.20599 5.59813 5.57461 5.87673 5.72232 6.00738 10.2634 9.0671 5.75995 7.32965 1A00.pdb
5.5178 6.06325 6.20599 5.59813 5.57461 5.87673 5.79772 6.00738 10.2634 9.0671 5.75995 7.93919 8.95 1A00.pdb
5.59813 5.57461 5.87673 5.79772 6.65797 5.49282 5.54889 5.75995 7.93919 10.925 9.83273 5.87984 10.8614 1A00.pdb
5.57461 5.87673 5.79772 6.65797 5.49282 5.54889 5.43442 7.93919 10.925 9.83273 5.87984 5.96155 11.0968 1A00.pdb
5.79772 6.65797 5.49282 5.54889 5.43442 5.28141 5.473 9.83273 5.87984 5.96155 6.12636 6.2915 11.9915 1A00.pdb
6.65797 5.49282 5.54889 5.43442 5.28141 5.473 5.55565 5.87984 5.96155 6.12636 6.2915 6.01743 9.35319 1A00.pdb
5.56036 5.11649 5.48779 5.34535 5.52441 5.58101 5.64351 6.1732 6.20966 6.22367 6.39068 5.74836 11.9015 1A00.pdb
6.34013 5.3879 5.55274 5.35421 5.33691 5.48231 5.44819 5.45831 6.40303 6.40918 6.22709 6.09776 9.39245 1A00.pdb
5.76701 5.46526 5.51282 5.60673 5.49156 5.54351 5.40356 8.24074 5.98462 5.35048 6.27121 6.23482 11.9313 1A00.pdb
5.46526 5.51282 5.60673 5.49156 5.54351 5.40356 5.59708 5.98462 5.35048 6.27121 6.23482 6.01251 11.9112 1A00.pdb
5.51282 5.60673 5.49156 5.54351 5.40356 5.59708 5.59135 5.35048 6.27121 6.23482 6.01251 6.13532 11.4752 1A00.pdb
5.59135 5.53763 5.5367 5.33006 5.34559 5.40474 5.9149 6.03205 6.19879 6.43165 6.22092 5.91085 11.9311 1A00.pdb
5.53763 5.5367 5.33006 5.34559 5.40474 5.9149 5.67126 6.19879 6.43165 6.22092 5.91085 5.68434 11.795 1A00.pdb
5.5367 5.33006 5.34559 5.40474 5.9149 5.67126 5.92739 6.43165 6.22092 5.91085 5.68434 5.042 11.2909 1A00.pdb
5.34559 5.40474 5.9149 5.67126 5.92739 5.49002 5.19961 5.91085 5.68434 5.042 9.03225 9.08006 10.5855 1A00.pdb
5.40474 5.9149 5.67126 5.92739 5.49002 5.19961 5.28291 5.68434 5.042 9.03225 9.08006 8.07274 8.76558 1A00.pdb
5.9149 5.67126 5.92739 5.49002 5.19961 5.28291 5.21638 5.042 9.03225 9.08006 8.07274 8.14096 9.49777 1A00.pdb
5.30974 5.80064 6.10629 5.38686 5.47182 5.22094 6.91248 6.71969 9.82896 9.25059 7.73236 7.84174 9.83293 1A00.pdb
5.80064 6.10629 5.38686 5.47182 5.22094 6.91248 6.25936 9.82896 9.25059 7.73236 7.84174 9.95861 10.3538 1A00.pdb
6.91248 6.25936 5.54579 5.74109 7.00087 5.24505 5.34622 11.3077 11.338 10.2732 8.53153 6.45875 10.5786 1A00.pdb
6.25936 5.54579 5.74109 7.00087 5.24505 5.34622 5.49401 11.338 10.2732 8.53153 6.45875 6.1359 9.03204 1A00.pdb
5.54579 5.74109 7.00087 5.24505 5.34622 5.49401 5.74433 10.2732 8.53153 6.45875 6.1359 5.91483 10.9563 1A00.pdb
5.74109 7.00087 5.24505 5.34622 5.49401 5.74433 5.56709 8.53153 6.45875 6.1359 5.91483 6.0489 9.66028 1A00.pdb
7.00087 5.24505 5.34622 5.49401 5.74433 5.56709 5.69966 6.45875 6.1359 5.91483 6.0489 6.09322 11.0307 1A00.pdb
5.49401 5.74433 5.56709 5.69966 6.1848 5.47269 5.3012 6.0489 6.09322 8.76425 9.90671 7.83448 11.7867 1A00.pdb
5.74433 5.56709 5.69966 6.1848 5.47269 5.3012 5.36709 6.09322 8.76425 9.90671 7.83448 6.41727 11.5986 1A00.pdb
5.69966 6.1848 5.47269 5.3012 5.36709 5.56882 5.48792 9.90671 7.83448 6.41727 6.02376 6.06217 11.9987 1A00.pdb
5.53299 5.51108 5.67428 5.35904 5.31113 5.39689 5.28463 6.06833 5.8306 6.5881 6.31463 5.8855 11.8825 1A00.pdb
5.40103 5.11892 5.34658 6.14799 5.25139 5.56887 6.22732 7.14091 6.2092 9.05491 9.45202 6.28222 9.86772 1A00.pdb
5.11892 5.34658 6.14799 5.25139 5.56887 6.22732 5.42572 6.2092 9.05491 9.45202 6.28222 9.17645 9.55175 1A00.pdb
6.14799 5.25139 5.56887 6.22732 5.42572 5.61064 5.43872 9.45202 6.28222 9.17645 9.31488 6.06853 9.73926 1A00.pdb
5.25139 5.56887 6.22732 5.42572 5.61064 5.43872 5.50601 6.28222 9.17645 9.31488 6.06853 5.91563 10.0066 1A00.pdb
5.61064 5.43872 5.50601 5.82983 5.67773 5.60651 5.27582 5.91563 5.76023 8.16046 8.53091 5.83413 10.7243 1A00.pdb
5.43872 5.50601 5.82983 5.67773 5.60651 5.27582 5.43216 5.76023 8.16046 8.53091 5.83413 6.33488 11.2878 1A00.pdb
5.27582 5.43216 5.41924 5.62913 5.41157 6.04454 5.90095 6.21313 6.06572 6.40788 5.92713 5.21053 11.2605 1A00.pdb
5.43216 5.41924 5.62913 5.41157 6.04454 5.90095 6.13954 6.06572 6.40788 5.92713 5.21053 4.63586 9.97166 1A00.pdb
5.41924 5.62913 5.41157 6.04454 5.90095 6.13954 5.82333 6.40788 5.92713 5.21053 4.63586 4.75306 10.4171 1A00.pdb
5.62913 5.41157 6.04454 5.90095 6.13954 5.82333 5.51237 5.92713 5.21053 4.63586 4.75306 8.79142 10.5408 1A00.pdb
6.04454 5.90095 6.13954 5.82333 5.51237 6.43957 5.95391 4.63586 4.75306 8.79142 11.7839 10.8249 8.36613 1A00.pdb
5.90095 6.13954 5.82333 5.51237 6.43957 5.95391 5.25873 4.75306 8.79142 11.7839 10.8249 11.5029 11.8837 1A00.pdb
5.40864 5.63064 5.41171 5.43724 5.40351 5.94594 5.78173 6.31939 6.16075 6.10115 5.86419 5.19924 11.4597 1A00.pdb
5.43724 5.40351 5.94594 5.78173 6.31228 5.68601 5.24421 5.86419 5.19924 9.16915 9.48681 5.84959 7.22287 1A00.pdb
5.40351 5.94594 5.78173 6.31228 5.68601 5.24421 5.50816 5.19924 9.16915 9.48681 5.84959 8.36564 8.44868 1A00.pdb
6.31228 5.68601 5.24421 5.50816 6.84694 5.45821 5.53038 5.84959 8.36564 9.64264 10.1457 5.82017 11.0182 1A00.pdb
5.68601 5.24421 5.50816 6.84694 5.45821 5.53038 5.38759 8.36564 9.64264 10.1457 5.82017 6.11923 11.3463 1A00.pdb
6.84694 5.45821 5.53038 5.38759 5.45152 5.35642 5.52391 5.82017 6.11923 6.12953 6.33354 6.29165 9.75902 1A00.pdb
5.39551 5.58961 5.31261 5.52602 5.43252 5.5634 5.47239 5.94749 6.09706 6.18793 6.18862 5.98381 11.923 1A00.pdb
6.59351 5.24671 5.50021 5.42926 5.50965 5.40875 5.5198 5.43219 6.37214 6.31151 6.20822 6.19273 9.8339 1A00.pdb
5.50965 5.40875 5.5198 5.6279 5.35627 5.56398 5.49757 6.19273 6.19881 6.05448 6.03781 5.81397 11.999 1A00.pdb
5.40875 5.5198 5.6279 5.35627 5.56398 5.49757 5.43018 6.19881 6.05448 6.03781 5.81397 5.61476 11.787 1A00.pdb
5.43018 5.1492 5.4825 5.11319 6.17204 5.65107 5.54163 6.6802 6.52391 8.9434 8.78386 5.70152 11.3154 1A00.pdb
5.11319 6.17204 5.65107 5.54163 5.67069 5.42365 5.40392 8.78386 5.70152 9.52908 8.4632 6.09674 11.8172 1A00.pdb
6.17204 5.65107 5.54163 5.67069 5.42365 5.40392 5.5066 5.70152 9.52908 8.4632 6.09674 6.09071 10.51 1A00.pdb
5.51759 5.23872 5.37713 5.6495 5.46968 5.79914 5.81776 6.21065 6.19987 6.3001 6.13003 5.54264 11.6775 1A00.pdb
5.23872 5.37713 5.6495 5.46968 5.79914 5.81776 6.15063 6.19987 6.3001 6.13003 5.54264 5.17953 11.0923 1A00.pdb
5.6495 5.46968 5.79914 5.81776 6.15063 5.56444 5.3317 6.13003 5.54264 5.17953 9.46254 9.20647 10.8151 1A00.pdb
5.46968 5.79914 5.81776 6.15063 5.56444 5.3317 5.27479 5.54264 5.17953 9.46254 9.20647 8.0226 8.6286 1A00.pdb
5.79914 5.81776 6.15063 5.56444 5.3317 5.27479 5.39678 5.17953 9.46254 9.20647 8.0226 7.91464 9.69147 1A00.pdb
5.32065 5.55278 6.10161 5.30477 5.58495 6.93707 5.72455 6.75755 9.49837 9.18092 8.41768 8.87822 8.29046 1A00.pdb
5.72455 5.52594 6.38577 6.2743 5.47008 6.44704 5.53812 11.4909 9.37135 6.21014 9.03702 10.2793 6.23239 1A00.pdb
5.52594 6.38577 6.2743 5.47008 6.44704 5.53812 5.49113 9.37135 6.21014 9.03702 10.2793 6.95075 7.59333 1A00.pdb
6.38577 6.2743 5.47008 6.44704 5.53812 5.49113 5.53275 6.21014 9.03702 10.2793 6.95075 6.39021 9.99331 1A00.pdb
6.44704 5.53812 5.49113 5.53275 5.39162 5.55535 5.34646 6.95075 6.39021 6.13159 6.00603 5.79518 10.7589 1A00.pdb
5.39162 5.55535 5.34646 5.47169 5.38964 5.59975 5.38464 5.79518 6.36057 6.55725 6.37948 6.19024 11.9811 1A00.pdb
5.47311 5.27038 5.41561 5.41432 5.42589 5.30943 5.91304 6.16308 6.21503 6.28559 6.14832 5.62163 11.784 1A00.pdb
5.41432 5.42589 5.30943 5.91304 5.3513 5.4935 6.06383 6.14832 5.62163 8.60369 8.94588 5.71516 8.87629 1A00.pdb
5.42589 5.30943 5.91304 5.3513 5.4935 6.06383 5.87921 5.62163 8.60369 8.94588 5.71516 9.25647 9.26915 1A00.pdb
5.91304 5.3513 5.4935 6.06383 5.87921 5.32615 5.63937 8.94588 5.71516 9.25647 9.41823 6.06955 8.99659 1A00.pdb
5.3513 5.4935 6.06383 5.87921 5.32615 5.63937 5.56866 5.71516 9.25647 9.41823 6.06955 5.82903 8.94035 1A00.pdb
5.32615 5.63937 5.56866 5.68146 5.5094 5.55999 5.64149 5.82903 5.7845 8.56454 8.91504 6.16576 10.2129 1A00.pdb
5.63937 5.56866 5.68146 5.5094 5.55999 5.64149 5.27771 5.7845 8.56454 8.91504 6.16576 6.33939 10.5758 1A00.pdb
5.64149 5.27771 5.5447 5.46559 5.57991 5.70362 6.06295 6.19137 5.92484 5.8732 5.79898 5.37724 11.45 1A00.pdb
5.27771 5.5447 5.46559 5.57991 5.70362 6.06295 6.3528 5.92484 5.8732 5.79898 5.37724 4.73703 9.89471 1A00.pdb
5.5447 5.46559 5.57991 5.70362 6.06295 6.3528 5.57747 5.8732 5.79898 5.37724 4.73703 5.34207 10.115 1A00.pdb
5.70362 6.06295 6.3528 5.57747 5.60075 6.31043 6.23032 4.73703 5.34207 9.72709 11.8543 11.2548 10.1162 1A00.pdb
6.23032 5.67236 5.41334 5.3969 5.29769 5.41028 5.58578 6.99466 7.91774 7.43458 6.83231 6.34236 11.7339 1A00.pdb
5.46152 5.44804 6.1663 6.03171 5.53589 5.84206 5.90254 5.82159 6.47117 10.3746 9.23889 5.67073 7.56346 1A00.pdb
5.44804 6.1663 6.03171 5.53589 5.84206 5.90254 5.71176 6.47117 10.3746 9.23889 5.67073 8.39862 9.02661 1A00.pdb
5.53589 5.84206 5.90254 5.71176 6.70151 5.3898 5.54542 5.67073 8.39862 11.1616 9.63765 5.79836 10.6868 1A00.pdb
5.84206 5.90254 5.71176 6.70151 5.3898 5.54542 5.39273 8.39862 11.1616 9.63765 5.79836 5.8593 11.4822 1A00.pdb
5.71176 6.70151 5.3898 5.54542 5.39273 5.36202 5.50145 9.63765 5.79836 5.8593 6.10429 6.26002 11.8285 1A00.pdb
6.70151 5.3898 5.54542 5.39273 5.36202 5.50145 5.55977 5.79836 5.8593 6.10429 6.26002 6.01663 9.33955 1A00.pdb
5.5169 5.31133 5.45439 5.47964 5.49017 5.55645 5.69411 6.19506 6.35727 6.23484 6.33662 5.748 11.9283 1A00.pdb
6.3888 5.23467 5.35014 5.46435 5.39407 5.59154 5.36366 5.5564 6.1608 6.34616 6.26725 6.22624 9.62422 1A00.pdb
5.28934 5.5966 6.66948 5.74934 5.35186 5.61055 5.78696 8.65076 9.67953 11.9211 8.38931 6.05437 10.9738 1A00.pdb
5.35186 5.61055 5.78696 5.75634 5.4752 5.57443 5.40835 6.05437 5.69761 6.86653 6.49913 5.89419 11.8662 1A00.pdb
5.61055 5.78696 5.75634 5.4752 5.57443 5.40835 5.62153 5.69761 6.86653 6.49913 5.89419 6.08644 11.7772 1A00.pdb
5.40835 5.62153 5.54502 5.52872 5.44564 5.30458 5.49995 5.78165 5.92149 6.31164 6.416 6.25938 11.9916 1A00.pdb
5.62153 5.54502 5.52872 5.44564 5.30458 5.49995 5.91385 5.92149 6.31164 6.416 6.25938 5.84489 11.7482 1A00.pdb
5.54502 5.52872 5.44564 5.30458 5.49995 5.91385 5.63235 6.31164 6.416 6.25938 5.84489 5.58305 11.8088 1A00.pdb
5.52872 5.44564 5.30458 5.49995 5.91385 5.63235 5.98356 6.416 6.25938 5.84489 5.58305 5.09028 11.3418 1A00.pdb
5.30458 5.49995 5.91385 5.63235 5.98356 5.53444 5.16765 5.84489 5.58305 5.09028 9.08633 9.07703 10.5262 1A00.pdb
5.49995 5.91385 5.63235 5.98356 5.53444 5.16765 5.27193 5.58305 5.09028 9.08633 9.07703 7.9953 8.77743 1A00.pdb
5.91385 5.63235 5.98356 5.53444 5.16765 5.27193 5.12103 5.09028 9.08633 9.07703 7.9953 8.12071 9.37742 1A00.pdb
5.43847 5.69607 6.12629 5.24249 5.48337 5.44356 6.67564 6.86956 9.75794 9.09665 7.83269 8.12669 10.1219 1A00.pdb
5.69607 6.12629 5.24249 5.48337 5.44356 6.67564 6.47031 9.75794 9.09665 7.83269 8.12669 10.1522 10.4968 1A00.pdb
6.67564 6.47031 5.56525 5.61821 7.18937 5.35598 5.54755 11.1653 11.5819 10.2768 8.18829 6.14615 10.7607 1A00.pdb
6.47031 5.56525 5.61821 7.18937 5.35598 5.54755 5.32031 11.5819 10.2768 8.18829 6.14615 6.05264 9.1856 1A00.pdb
5.56525 5.61821 7.18937 5.35598 5.54755 5.32031 5.74414 10.2768 8.18829 6.14615 6.05264 6.03353 10.365 1A00.pdb
5.61821 7.18937 5.35598 5.54755 5.32031 5.74414 5.58715 8.18829 6.14615 6.05264 6.03353 6.11233 9.28333 1A00.pdb
7.18937 5.35598 5.54755 5.32031 5.74414 5.58715 5.7924 6.14615 6.05264 6.03353 6.11233 6.00091 10.6103 1A00.pdb
5.32031 5.74414 5.58715 5.7924 6.05551 5.53882 5.185 6.11233 6.00091 8.77018 10.0073 7.64559 11.6341 1A00.pdb
5.74414 5.58715 5.7924 6.05551 5.53882 5.185 5.38749 6.00091 8.77018 10.0073 7.64559 6.53905 11.5996 1A00.pdb
6.05551 5.53882 5.185 5.38749 5.64088 5.53445 5.27631 7.64559 6.53905 6.01553 5.9301 6.08453 11.9727 1A00.pdb
5.34663 5.6359 5.47319 5.5392 5.3206 5.30641 5.41251 5.97398 5.93421 6.33884 6.15236 5.98713 11.91 1A00.pdb
5.33448 5.25847 5.28274 6.1168 5.04686 5.75582 6.11166 7.21729 6.16482 8.81716 9.15958 6.22125 9.46722 1A00.pdb
5.25847 5.28274 6.1168 5.04686 5.75582 6.11166 5.34416 6.16482 8.81716 9.15958 6.22125 9.34322 9.25577 1A00.pdb
6.1168 5.04686 5.75582 6.11166 5.34416 5.28926 5.7111 9.15958 6.22125 9.34322 8.9815 6.16881 9.46176 1A00.pdb
5.04686 5.75582 6.11166 5.34416 5.28926 5.7111 5.50774 6.22125 9.34322 8.9815 6.16881 6.03004 10.2983 1A00.pdb
5.28926 5.7111 5.50774 6.11157 5.53126 5.47727 5.33369 6.03004 5.91309 8.30832 8.34431 5.85282 10.8461 1A00.pdb
5.7111 5.50774 6.11157 5.53126 5.47727 5.33369 5.4783 5.91309 8.30832 8.34431 5.85282 6.34271 11.5477 1A00.pdb
5.33369 5.4783 5.47414 5.56609 5.51171 5.97354 5.86275 6.28481 6.12517 6.36406 5.73383 5.01581 11.1318 1A00.pdb
5.4783 5.47414 5.56609 5.51171 5.97354 5.86275 6.11117 6.12517 6.36406 5.73383 5.01581 4.67639 10.1225 1A00.pdb
5.47414 5.56609 5.51171 5.97354 5.86275 6.11117 5.91528 6.36406 5.73383 5.01581 4.67639 4.72259 10.3945 1A00.pdb
5.56609 5.51171 5.97354 5.86275 6.11117 5.91528 5.56163 5.73383 5.01581 4.67639 4.72259 8.81495 10.531 1A00.pdb
5.97354 5.86275 6.11117 5.91528 5.56163 6.46539 5.97508 4.67639 4.72259 8.81495 11.8435 10.9487 8.52291 1A00.pdb
5.45486 5.54863 5.39238 5.46643 5.43773 5.75027 6.00085 6.28058 6.18238 5.97711 5.89189 5.39999 11.6264 1A00.pdb
5.46643 5.43773 5.75027 6.00085 6.40088 5.42388 5.33127 5.89189 5.39999 9.12029 9.27667 5.74024 7.19476 1A00.pdb
5.43773 5.75027 6.00085 6.40088 5.42388 5.33127 5.52818 5.39999 9.12029 9.27667 5.74024 8.30058 8.44296 1A00.pdb
6.40088 5.42388 5.33127 5.52818 6.81422 5.50302 5.52283 5.74024 8.30058 9.44926 10.2856 5.81197 10.9755 1A00.pdb
5.42388 5.33127 5.52818 6.81422 5.50302 5.52283 5.43458 8.30058 9.44926 10.2856 5.81197 6.1604 11.3402 1A00.pdb
6.81422 5.50302 5.52283 5.43458 5.4138 5.47829 5.39001 5.81197 6.1604 6.16521 6.38679 6.24243 9.64086 1A00.pdb
